$ANSIBLE_VAULT;1.1;AES256
36373362656634313530393965396466306537636331646363646461393063356235623530313437
3463343862656438653562666632373536396662666364310a373861613430636236366432636466
34656430633861343637323639616531613665653964366464643264333238383334613563353530
3132333131333161340a633536333833623133626134336434393138396338303236663263303838
34653334396333613837323131393230386433666431333466663838646237333162656636323562
36323766616265326338643033313034366631623662666262616638646663663038376630363131
39366439653866393535326138343639336634626138393665353462316134346432393039656634
36313562636439666537363561306664616434343363353730316639336562663534666364346461
62343139616436373037353866636432343634303163363737633864653838356166333365336439
34386164623466393362363061653066373462613034303835666631623636616235386232356362
62373134613364623863306433396435336133616163623832363436663363303566313637383333
31613039666562666632306337373534373538353032643335613337303135353662313632343332
66613666653362653231313437366337663538653437346135346437636136313866643936616166
61633564366234303330363362373237656463343634363836333162373166613733633261353934
61383662313436333834306534323261373838376261643031336133356264616562626133663938
37383532363335306235333736396338633766646264623762396164343838666434373362363631
64313065383361396634646433303739613537646164326537373131643734646539393562323163
35666564353332636238643961356563343933663466376339393137613262633638373439373930
37616334343934633932333863306533346563356634333861383935316264346138643037313838
33303966666235343137333932303966336636663830393563633032646539323635323664613933
38633938343833373738393266663462396333366234323931376533633739626134326365663564
30373834356564343366613861643237313165326162663536363262366635643730633637373537
65616130316131306134656466646663363233303538363130386566333862646365626138643033
32643136363366353464313065376533333934363534336638636331366530613433336330386565
34323638643835373039313934636161313039363239633332316164343732656330633361663863
31633163386139643738346164613832643330356163623638666331656637363865343337306332
33356664663237366461323133333862306234626634383363333736653339383366323264663862
33303837616331346138663930393866343265306439366432666530656138393762303166393636
37376265663032323634656663383938626433636234643765313034633363383434383235356238
32323939373231366563643763636361663564666237363532353437326539636235393933323333
33383633306561616435646461346533373233303661383137393861653334376633666666333063
64346263326263663038363833316438653532646464316135356665643661303231323531396333
38643735653233396531646231343566383164643664363865313031623466633932663834346332
38313936346532616363363964623736363532636334346633666665636363643539383364326534
61373936636132383834326362393839336237306564333337363736636133343539613565363461
66343731643034393534363630323633626139616432633763633464373261323265366232386639
39306332393939343335353665636639303038336432346539386639313234353131616266376262
62393734626237343939393632626265653139323365383336343363643565613861396565646533
36363939316666346632663638376139313336346539376264666563626134303431323136376535
36656564316436393532356133626338333039633062393939616332356538323964666633333032
38303830333462626633666236663636306166353738623533616166613839396235633034353030
63623431636664393264366239323833666639333434666232396132373364333531323534643966
61336337613361376466343936373232613633386631316632643562653231666631393039633661
35396339656566323062326163363236623566613132376633633336376132313937653637656636
33356338636263306330306131373066386533383937653538363665363636666530626362623366
35376362353131623037623236383466626330643033633730303262643636366433303838333433
62336234643266643831323634653161393438653736393065363738353832623830336234336636
36636636666361626331303837356338623364353734366638633735333935646466306465376432
63623438326231623635636163663362306539613136343465393638633031393435393166353536
65306562653464623338363964376530633234663434323665336232626337363833653931643631
38646463636561353566353837373063643137613639336432366235633263303765356434626137
35633337336538333137656432356136303336636164343832386165623433323336346330346132
38643436376139616562303735643630343033356431326461656335343536643533636266656263
37353638306461373139623532626235316261336565336161303436643366616239383938343065
61613462653737316539653766343030303534636462316263623331393061656535313063326130
61663434346635653462613763346166636439623433353131343062326262383835383161623264
38316365346434613161326134313330373164376536376338643765633534323738613562323131
31396465633236326365343633613262633637313662343035323732643763366562333038326164
61633530626333363666326539373338386466396164613636613336623433316163323932626561
36656663363333316630306566616636373738626438306534346136646465633033363039363038
33343034633661363262323139633439303564306136653163336336633232666366366365306134
6235613136303835396562373335386530373733363363663838
