$ANSIBLE_VAULT;1.1;AES256
39333663326538653532326637376537353164646666656238656531393735333865393264353361
3163363537366435343038636339383939666266613639310a373031633964653761303535323061
31396232353265393739656236633763626535343166313962623162343263383535323735366336
3366346461303334620a626665343232393332346462656130323765326532343431363061376537
35643935343462373537316532656137666238306164313638646365356561663064616534393538
33656337396234303532626230373631306465383565653535393266343430363231313833373264
32616361316363643038333530373566303439326662373530653130616230393736336661343164
32303338396166336164633765313039666231646261303837306234333762366463363331366532
65343131636262333638306332653761373139626437363061623933343766643163356163653030
39643261303734346533666465613137373431376332346137633661636432383665343137663462
32326566663831363566633837343635303333336337333261336232666537316231346163393239
65353039643931663936343831613536343566316436653366303730346531383235313235376639
34613934393336313764613631656364316335363839653239663662643731316230653766353338
38343832373064656533626638666665336239346634333135306336646435323862346431346164
66623835633533633739653237633633333834316239643330346236383630383437666166626437
35626135643036303738623866633630396130383864333663316636653636393936333862613130
31393334386136373864336161626432643032363039663463653832636464373636633832363432
65376437643864663936396162653238323538633334653466386638336464303565323232636531
65663537633966386331363965383133656434343732343538356632646531386365663461613635
35353864356535386163666335306363616166396430616132663964306533303266333236366637
32396531343430626233393735386162666561393765383132366663343036313966353739333030
37666534383862663638303561353837373936376464663461313564353665326437623436613936
35343533326633623366613863626338306466633234363164613733643832363137653736383131
65323735376562343364313539346235613763343961343439363565323139333939356563613464
31383862393634623038663562303832646637626265383032343535353463613033663437613766
39663831303239356431353034336162376639376330353235373833356231383265653033623438
31313964326365646361313637623164626165366666336339636636613264393866623065323937
30643563396561396636643638306563636137393239346561666337323933333632343534663536
35366337373939323335326638316432663834643862393039393565326132386333663664663235
62386636313231363638636165376139623835313265643935643437656234663239343465643661
64333038356334333265633563383537373761356462653065656437636666356365396432333434
38313338343462393437316365383331343637356531613133626264393137626264316361636631
64323832356435363664366362613033613131633661653761376162346239653565663061633937
66393565653361626361356131613439633734393236613234343533633865333363666263353263
64646136373838356430613035333431343465303539646639346638316164306330316334613765
35623036633337363234633036396566326133636432346330323436643262646639633438393135
66343435643066336639303739383362353238313433316131633461616239356363636161343530
35356534356633346135653538626432653866623134666232643435366538366134646230383539
66613637356662373265343434356636386561363035323263636437386533623132363537616230
39623135656166333661376361396561653763633464623834336136636539396530366335393034
65376433663263616139653934623662333066643737396536343835613336323566623665303339
65313064343664653166623234386335356333643039343761646365643466383835386230616165
36383035363630336531656561643832626161666636623339646239383137353638383262393064
39346437383039633837613263393762383361323135386236356332343339613135303762373366
62313535323039643132346430356232663333653634346161633833653233303538333530303066
39313034306263306631306562373238626366646230353532653239333931356139393361346538
38363935396264383365613038376139396534646336373939323262383861643864343362363964
66313130383562356236353763313962623137396239346362356130326635346261363039353336
64373435663635306664313539326165303166376365323164666239303063353366353538663634
64666130313734613366366337323730663536313962656530346131633531626630343063653734
61383364653662613534646561313936386135613537656565623835643537656138323634366364
37623639626639643332353536633464353232623664653335656237313161393939653430643666
35333136666231616435363437336661353038313739353631383664393037626336613939396466
39353231383532343962343134383339313165656463323933386134356365393737373031363632
63323562613731343161366131343734326438666562363365336236653831643363313365643839
62623432366661326132396136643864656530313864636562626164663065633537323466316238
35613237613536343161383136626430636332623464303033633065333039346437363265636233
65643337636230336538633633336639643535313665346232386138333637303635613337333635
32363666643463383235626630353565366237353333663631373238663861626639303763353461
65346665646461633738396334363436613931323032373736346637346231363465393433356236
30346632363539363965303437313838326566323235343963643433386561306532356631363932
65353763333166356563346535643234336465333031366635326562386165643733353139376162
64626638333730376662396237646432663639616437623636326462306463323738633761343631
64643036643335336634306633663238393866643037653933353565363964663838353964346562
33626238323135386565653664646434653235353735313764656530306565383733386130383031
30623738343033346339636262666666356532666661633165613038333630653630303630643465
36303766383238343133363762663163373833303761353731326562383861333665363563626234
62313837313737623038333466633833343438366162393639393363383764336437356433616631
65616639323135306337366631616165653537616631623135623932363039613066646664353233
32313538626530363065303631613839313061633664646661623833323731636165373862363230
32373933346231356238386661623466623332313337623830626336386263393261636463643736
34626464353763313539313031656636616537316134613731353566383262333033653039333562
33346631383666383835663334333663383234313139333538303730313862303436363738383533
63656561656161313161393330326430633532653033303037613539313135333664656530303937
39616466396332616434653762306632303831336532376130653634393362363433383532323038
61653133333835616637643065313638343030613861666664613965333831336363643165316138
31666461303735393533323935386465316333616233383062626362306436356566306438383263
66613033313531393934623734616163343939346664383035633938646565313663366438326337
37666663306131343435633032343836633463323333613639643164343761323261393334636634
65353235663761393133393566613030313832346132656566636364386663663637663537646334
64663662646534663231626339316666653134636137623133303063626162336532633734343666
37666333363961633731333264616634666261343336356532396463666430386139633863303937
34626635643439636561666263306662323336346162353739306432303838316430383032643931
64623939326665343031393136363435643733383934663364396437383930313836653061333731
33626330326435366432356135333034346137393238326563386134376266666166656533653134
35353737646634386461343266346632383565353065346233376239666531343966646434656231
66306631303466326161383939333831653636613331343639343538356561353564323665303634
33643438396430393363613239626666356463353361653264653037393032313734313437323364
30386632393735663337326665613766343931653065306633303838613235386237376437343961
38623261353939333635643532393130383338623164363461386563393562653866626535623035
33343361663638336666363766326136316138633833633937343561366331636338643036313665
61386231643036306639393965343336356134386237646132346534643762366464626132623965
30393139363361356239376432363335363135653632643239613935633664663236616439353530
30323561663165313362353433346636663436393839643834363837343662323833346134643330
31613230343031623537613834643065666164653465393635356562323634333965613133663332
35396634623039383336323239373839336632346363373136353834633031303039323666353662
32306139333263666564396364316138643162343334316361326165396366346664623366653336
38636263343961376434326264373133373038306230313932376636623366613734626236346635
39306665623339643164326433386465633935393137323931373065363836663663353638646133
39623832353535633265623230353561616364346163303433316136313035326664363133356631
66623433393962613839363634393132396539396662393930643466333037333364613262653935
30616638326533613739323334356137623230306264333064373635366564326538383264386563
61333432336261306464386437313537363632306466636237666632346432626230613265383763
39376433356235376263613431313336333937363034373763383031373437346632643134323664
62613361323632366233336566356431343166363836653566643137336365636532373633336266
31376362653130636239336434373632343233303763353635393837633531653130363964653638
66333464313162393739333431636263363966613531376162353930646239653966643034353233
32663063633237303130396430336530383137613936643965366361303430346235613830303839
65326162666634353338353333303134363463363365393636373061623235373335633962326434
30653865663163323365613163383630326137303238633732626466353437666234643161383839
31333735396662323339366134376639623163623663313331653365306539633639333134623938
64623939356236363533626162653535356264653033336531303732616232663031626438393938
37653863653331643562353264303337323231653337373332386664323032393838643864323832
63643464666638643331303962356130623035656361356162373562373634393262633066623236
64383134643765383437663431333439653561386634346630643364666636323236343062303232
64363165663431343161643030306430326139313036376264656633656666396436643565653032
38376365383866623833393263373836636132333237303163623166666663383830343933646566
32616663613036636334653432656339356366663932353164633232336138336163386537326433
33326465373533333736376462666438616133393437366365353932396130356630343733613336
39393265613261303961346137366335623638633362363763616238303832373463316363393531
62623830306232333834306461316137663330643662343761343561636632653963663166346639
36353936376465303835666163646363613766623362663137333731646261643261396231343833
32663132363935326535616365633236643134656234386564326334633863626338613938616662
37356433323035313164323062656364633363346261383062633130316631356233643632396261
37303535653034393164656232613766346462646137383765333739303165626364613362313532
33316237313531333762643162353063636366376634343533323330326365366634313833646530
35393163366433663136626266313537633133663739386464633137303137306436666231373362
33333134353431643033363132623965376633626438373565636164336239323330396464333066
63636531356532646434623434346362613430323139643666333733326566636563373138383965
36383463343539343433386138636537346431396231623030356234336132643539626133303665
35396231633432316633323763333735653731356331623965393266643936626437356437363230
64353461613933333831323830313161343130636666333837303739393164663961663263633161
34346663333162396531316438393038323065343338313235373962633439626439306539613031
34326239316365356462353933656438353034343462656431326534343531643863326237353836
32636132393638333937653439633761383134383764626139363837666161653931333061623532
32663161633466616135636262353965316437306664396336656536323635383462383564613166
33666664346436353632376164323233346531643531303632626264376438613134323230313962
64613435323832656339343830323462373966383037396364663162656532396238323939316664
65626534353866643161336337626165366538663131333739643735323165643330323932336261
35316438373531626133666235643830636335383435653936393731306634653363613061326165
30393565346335633463633836623762323066303430623730636234383065386164656663373164
33346337633365623763346638343530343733353138336632663766623466313561356362326364
33653132393862316631653465396564353334383035363362323966376334363864386632323862
33363961393931616130376466363432663662643561363165333466393032663130363363313337
37643330353839373063616163626161373235633135336466356461326139373561663465343930
31363732623362326438353431336530383266653238363238383134333239363666343734386332
65356530626465666638343932386366323730353530326364323966633064316666613931363162
33316538396164613061363366396566663939326365323664643739386165663938306230393234
36336463323835363134666463636537373132356661356532643432356131303162333963353361
64663565333734336433653866343737393635333638636365663665363764313933343336326338
39616635333136303762646339356261353937636334353663306330336565636131333662613633
31356135623333353962613237333565336535343032313664383563326431663461313037363766
32376662373966643761333235396532343836656538633533346330333863376539636439636530
37333064396434343039366162613163326164623831613932383635353366633063343462636639
31656534656531393665303261353032613537346465633661613436326530656238346134366334
31316563613932323465303062666361333233643236326330346664373035316565653732343037
64623039643861326661383465316463613964323961353061313064633230663464396665363139
31346632393565386366633962633039643732663935316334643238383166323035626137383338
66613638333437343034653931353039323639386337323161383565393233353936626432663565
61626136346664663033313837636365303138326164643736333066326438343239376134383564
32633061376265323232356364613137643865386266616639313863616538656230326537393932
38636137363231303732336333653866383066383766343965393130326238613961333832623333
36353561363864393635393164653963383538393932646237336433373666333132663535323933
36663632313661383538383337333837366265386131346139323331653730356633393764633064
39643834313130636435346637323739646631663638663666623765663131343964366162613630
30373234613063663237623432373264306431363462623362393431646235623130623262613139
64383666353766653939626465353936326139373863333734666462346365646634333361623431
34363737666431333834326237316565353663316637336337356534616565303937366134396235
35343035313937353566396238636131326332366431343664333330653164633962393131656534
38306237353938346162333039336165313165653162633366663336633665316663646336326538
37623631613664386563633036346562663435633036343933666435633662356366313265303434
65666233396535316562656231343166626635363863613136633162663566333831663835383437
35623238366362343962366136393566653139373839393931386132666533316663326463646563
31396333626234333637356161313336313033303435656266343032633262613835623765376262
61383234363039373264626337373233653464623638653864306432626462383766376238313233
37356530373839333236333831613632653464636537333262643638613364633465663736633665
35613662306633393163643062663163376362396138656538303966343665343939373561363963
35653963643566373237366132373736323264633136366661376161303463353663333430623263
31666433346235383231633362656234323561643562653134636662633365333362333630373632
65656332383561643535303964343534356432636564636630393264663431633434373563313664
34636432616466623561326331373066336665383066366534306436336239333239333638343664
35313566313835363939363266376535323964363338313663323763613339376530613437643964
61393465623663383761356637666138393564383638653339633861616237346564653438353831
62366233646363376334333937336264613234393031343862653837643564616436353461346538
33386636306330626130343265303563653830326236613863363663613063336638336662313338
37323238303835396432653739323635313664383837343233643362353764663034363839663566
33366531343761623331636639343738643465353063626536333334383834346337666531353530
30363332636636313066616339326232663563393434303765386232383265373232393631363233
32376465303533376234623938366138626232343539323964333930343362353934353837656633
36333530393130633838336637376534353365613032613339656331356162323437306566383063
38346136306364303366363734376636643031333038306236643063343366333637353231373635
35653965353462666662646435613338396332333339376365393662663939323063616434653237
62353761383239363238353631306631623366343636303534396636666162356164373364643137
39353837643665313461613430386666613034373162353638316365326535353437343933613936
37656263653964626133346665373061396161663962613863323865393937653331646232373933
31316564666261653136663135373730356162643531313133396431646533653964626632306434
36663464653031636465613233306633333934323466626263386237373963393130653337313636
32636335643230393334346565313162373533623662643065346663333632306530626436366362
32333531656538323631376233613936353663666333373438343931363835356430343566323434
38663430653537386439643639396139383432346239353634646333346366643232316161363537
63613435323462633131326662643637393362646563376266313665393135336462373961616630
37623635373266376139313335623336366532623164626263656331336639663337343635376566
37366661633561336330633738663237326236393831343139386161333865623262626164353162
38343365366534346265343065346237636366323961343830636161346164326236313661343430
64633636366364326437636364343430306537663833343733653835623836653434353762333665
36663137356132623462653765316439653535333837623364633136363563336439313663636264
38393736383639333532666437383964663535633832303031356633393137386631343139363363
61623836663061333530393930363237313933633231653835613261663930636537376166656533
35383439366430366264393161303237646162363433363134623565323931363531356630363863
34623335333435363438306636653064396636616235313564356466346161613066393135326666
30653362666663393030383961623139383866393239313066393930363665336338663531396565
32343539653761623531366663323961366366356537336661616464306163356234633536306263
66663662336436373334663932653938393035646164336239363431346339396366616538326532
66616530643934653032666431636330333534356430303464323761623539336139613666343666
63326566333964653232646130333631326536353135656636643964653831656231373733386236
63653739303466646366313663623438663133363336323039653762323137383031666366306235
6130
