$ANSIBLE_VAULT;1.1;AES256
30306430663336353139373564363438616235666536333235346534363633616138613463343436
6262666464336437353134646434306533636231336337390a623536646336663632666566613639
63653165363433313631663866303531653164653931323133663237363237363561653939623133
6136396332663265340a653138336262633863653434323764336635643437336133396430643464
63356438303533306264366531616466653931633364663035316630616563356630373438363062
65623636396530396163373662393964636331626663393932356137383337306537313331663465
65643566313734373066636339366231643161313161306138313365323466313663376439346436
33386563626362306639643335333032366439336363366163656435656561633536643231653064
65373030646236306433663461326262346363633532643834333034383433336165363063326664
63666463333535623264623430663231326234383834336364363532363336373637336538663965
31613439646565316638323336333338313534313836346462356231663038333766353864363831
34356637303530643832326539386163623863343831323836336661623735623434373536336438
32373137393136393638643661366133336266656231613834303231653764656131663838396230
62373664653166666565313538326533613362333530643666613835396163616661663265383138
33613336386330613637396231373736663634376466333965633162646639306131663864663332
37353061373666656639303434346637373062646232306464346164323436636265353234336637
33616466643332646362303935333364636163316661303032393038633834393938333331393737
33663134343162326632636464363263353437373766663632393666633630373338616265643539
66363137356534623636633238316564383662633966373962316266366136306365646563633065
33313464656631333830393037346233346466653831623962363066663562643337313138626464
32646262303563346133363634656265623230356161393663383738363366383261653463353933
36363832303333353532366162346534666462393037326630353132333565346530636134313530
30316135376132646133383539303866393266326333303463393161653964626365643730333434
37313439303566303531383530656233636236386135323738663564363232666165663834363630
33373835376436306130386263393635616336643234373133313534633639386436333038613366
65366333636533356361326364633437306330313230626239363238353631663932333966356532
61646432316133393238316665386233393836346331623031313231643939316662373335333335
33636563303666393139323364346631316333383437613236646565316436616462396139343731
32316535386532333533326162313833383633303763643036393036643838626339656362353330
38323632343764393035393964363130353133333933646263396233346237313934373033646165
62396538313031656235346235346364343834346661363666326336646236633365656365333164
39613731353036636639373239633736323231323664386335346163656133363466363931336564
31353763393233363231333666653733623231393931353534353838666538373563633866316665
64386631336236353561313964633263623763623731656533306363363433633039623337396436
64303032633330303038616536386665626166383462613939366531313634323431353562383833
30643933633161386634666237643062646161303436343032653534653632616431316631356333
66376434653561326563383362333730326231346331353634623361393531323361333234386662
62343136356239666437613733646538633236303466613138326430353966363564306136623663
32663739353966346634376233336663366438343662363936616432323438303837616238623631
38646434306632666530326364343637383039643730383536613135666235616433306235626237
37306664633830643232386135666566393565313365373365323833343239613861373132643835
37336334646664653964336332303366313032666335363930303330396437376635323236336162
63636464393739393266616566656437323937373237393165343762313730383365373132343634
64313666623061616163373036393234396365323166346338353036343166343439633639333637
61326136353038366430303931393231346333353238383331643865393764333136623230633632
33663365333061376364396630623830303233663764363938383638616436663639613938663839
66393035383064376236626137303335396234666636323136323937663962353234383134653431
34646462623739636536613666656661613630623735356462356365353663353264643539396634
64396636343161616266303466373365613764333365656236656139303531643834346333383761
38386462353038666135386634646136316338623436633131336238386266363239376565393664
36633565393365366564663939323765306532626532363636313536343065353439376235316432
35383566346466333639306636333565663834376630366465326163636636323464383261333035
39353566646463323132353464336666366436343461386563353335323839323837323361383039
31626637633962366162383832363961346264383066386333636333383630333966353763313535
30613738323965303166663964383635306439306631363934356264613361353637396431636532
33306536356339623930613138383433633934356535306438393832636263646439373436393531
63323866316566636666393564353065396164363132363239636337613930386538646635646662
30316466666262623564373833303162633932303331343865383066656665343533376361313636
63363063323263616135396339313664343934313439383037306539366334306463303736633961
36393339376261313839376338646231623566656162393535666437363230643863613332303861
63363536313635613961663565336330643062643837303930633131393262353364303630383061
37646137353931306637666666623233336438663463646264323835613434326437633337326137
35636332316165656661383733623063336539323438373166623464386666333766356465376466
36633639323637616136366139643835383061353431366536303466353139343733613965313038
63376565636630313239333865303337313236663561613538646534636365643865363538366462
62343637663264616535333662326238356230613331613863346431363365303665366363366432
30323230663035356565363961326436663436376464613361636662323635626535643065643562
38346530623564663330636335613139643636353561306562356561663164653739363863363339
31343433663939326631333564373036373533623561623865623138383261316638353961626338
66666237386236626631646664636231373134356636393666613238653261386136316237303635
39313031376465646562336265643139633265356331633165633733343231306530366630623633
64643434333732373263653864393937373432653533663532643465383837643737396338346537
66376265633939626230333563623136633831313966303439346539633230306461356434613531
39333637656664393233356132393364623763316235653461626466383835363036633934343666
33333938333665376431303530393434343566373334656461346533613366626162623464626566
32653362623835316638373635633665333438303165633466396332363237666266613463386262
64376434646239376531356331373432626432376365303938333031393339323766666138363163
64353835333833383337333439663264383766653832326331636237366532666265383262366261
30326135343365616335666136383763366231633661623636656538333232363365346538363332
33643632653966623461383264383534313466333137353439656633336131323633613335396333
31333336333863633963336233646661326530613961623465323335373763313464623836356434
30393836323031376261363163363963396638366230353132383363393561616231353663393031
39626634323765383965313061363239626462306463643035616162366436663665663033666161
34326465393862626666343538313762626364343732306565313961313762303031383336336263
61653964323033333163626561623262613831633633313937663234363535353564386532636538
32333962626237306537336264356633363565353535633861663461353366613937393432316336
61343465623432623166653064323332613031333366663261343462663436333430613133323461
32326366353763333037643631653733353932653333383437373961366435396165303632643332
37373031323333656465613931613432386436383035373863646363666237306537333961656463
30396136653631333366616532393736616166326336356434323734386663393932326362373261
64623036393738386536306665323839343235633735663666383736643862333665643866326633
65313630643436363430393438646637323066663935663738613130326234316633303237616632
63363530626562303336386232386537316439373335353237656136613533396536333732656537
33396161313966643664356237653136346530646537633331353438653436653035373162353939
37316130366564313337316137346161626631393130636562623937393832393162316261663135
65656161333236366531326238313332326230633234316263323432343266373531306234643964
38666465653062303932646630336562633235353036313766323062336236643639316531323233
66366535303065323933353536316564363131323638353534316235373262313833383438393665
61393962353436363831396432623533636532333633663165663462636534356538376132303237
65366138396466353063633962366365313937656633383836636135313563346363353361666337
64623363656536653631343332633263393763343865336134326362373866303061633531613066
61313030326336336565363531313538383030326465393136616231396435633261323565643961
37353139346535323865353863383963313434663030613530333138663235643363353335653365
37656230666439303763313335303937333263386662646437373365383239626164636438613365
30326338303930383031353331383930333936623064373062363438313265336530346439633163
66333663333863356164343664376261393763373933643932613164313330636233373236323137
35356663633139656131656533626361323131663232666362373865616561623939646364346330
66346639376361363639363162333836623865303032373030353939363731366535393331343766
38626439323863333739316337353134346639393962373532666261633662303034623639653864
64613934303362386439353362636239373139336531616664623664393162656134613537373038
32643961656432626632626234303034613939653661646335313032353837303264613564653432
33366239623461643165363833396131653637643262333739633964366366393262346165336335
62653663383938626231326262323230656561396661336133393566333930636161313835303064
66623739633037336565343131623964386330303937633261633730346237313736363263373938
65396539306136393932613830303436343136333332653334336438363361313664663265303835
35646265306130633834366231643763666130313262636261373065643033656432656261653835
61316333306436643431623666323537393037343738366532623461303166623765303939383361
32303962323761326232313737306463653462376638346665656264353530386330313337326530
62393337343435383135396233376465353166313735636137356332626132633139626139346334
64616134363838303033373166313838386366303030613231343135373636363437363834386136
64616561326238323533623865356431396466336235363764646264643761636536323332303436
35633863383331386436333136343539373331383962663635376438646465636637303535613939
66643837393338383062663864333833666536393435326232396239643235393930393539366434
30353834323562653133656630623630623631393263653864663138663064316634343839336464
36643336623437643063613362333764356633656337383865356563663639616262313039306533
64653539643435383933326236306533643235623861303036333566316139373935316333333233
61336333396234333239336139643531653931316333303639316533366535306463626161333535
66346261396561326464653637646535656362326133386432643664613933663666363139313635
36653466316233383064373064663364393032393235356135383138306562383763663035393933
66643761303235613735313966386538356439303030346565633137643966343363313364656261
37376336656661393464623531303037303261663135623438373663663933626338663436313666
65303535626433616238366332386134396132653930346237313766633361393562313162326465
33316332636466386261303439663530623761303666616138306430613436343533336235653635
33353039366131666461613735653733623062646539396332333462613132333965303032646234
37393530356639326664323336343966636363616235353065623939656331653136663637343839
37383934636166383231633333373536626165663366363661326465383533393061643465303834
63383436303262613032656237323465343236626565663563333263303038616139636664376236
63373739326333383530323664346539656562373031356137363131386566313761323364316233
65343332323466363866316565666333373233336666326439663338363561626637396165356339
36346130333661363264363737306331323963376136393264333232306339663438373333323333
37616231303038616534656438643138636636636262373265633239626465636633613733613566
36316635646365346231373838623635373264366565643662376434643762633565313539346637
38636339333163366666636564386663333463303931303164613566386631643865666164353536
39633565323332336133393332336333623063666135383938613634643765303766393637613536
64653632373338386331626134666561653930663634353831373063663533346465663739656532
65663433643065353936396431613134623862336136656439616462613064306363366638346638
64313134356262303061666131306638356237393238626432636234343738326462366339363564
39356531386134366332343430623237636335663162376330666232663039376332396237346261
64333764633733643063313133386339663535396230623838386634663461373632623836386430
64363564316361643664653333303038666436393365366361343533353630626566303730663430
64363964643833626665616533653230323131663133613866653362653661323338333261353134
38376161353830616236616363313861316333643137623533373464396432626462306636313236
62623663343538336230633533376337336138313631363437623938666163383934383938646430
31313236316562353035393730376539326237313864333935646530383138383235643835616139
65316137663135353463646230363366316531396264303939613663383665643538383531653139
61393963363963353263393363343461356238633966346163376262343230303039646665613536
64643262376566366530316666326332396232633035316264313161303231326663626637376665
66306330383730396631333262626364626364313537383431343530333334613138356537626264
36626462353137306436373962636438303063353233646461313638303631333635323163306430
64643965383966343063653134313535376539653764316331346532393232363038386138613432
66316239353533643636393862373530306139393331653461313665613361633834623564303366
34663663346336326238643863643130313937623838396234653939663264326633343137626265
32303532623336313066663137653032623562383161323266306237303033366666386262656135
66653166336666363535376535313432386432303835306439303862313063383662623264656230
32316237333739363662613864336537326265346431396434366538343964316662363531383734
30663230313232633034626161656532363262356430313461646631373630343536393839643663
36303165346266343632343838303763643366386235383731336661366439316364396564613137
38326166653937633466343139663634623061313136656262616462653130333238313733313939
64323734306464653762653034343332373563303862346162383063316432666166393334633766
34303437636665613233393231653131353765333436613833303738306334393332613237333930
63363030336630643634666630383061613164366361383830313362633462653434643732616532
61356237663331376132393439353465383461386334383639653739636631356234303061393236
31366462303463393530666364353634663934306635393263353937306631346535333637343439
33386332376533663831386239306432646239336436383537633765616463666236306464663234
33393236333564633161623534306531313237666431643237626664333262616632306336343865
34326531653336633436616235633939376133366463373437363864386332393038373331396235
61613365633936366364616135303763643330636635646133653339376438623532363061313263
34376164313263626134306439653065636337373162363332663830356236353163313237656134
36323637343663626131626337633563646666653934306435633361333539326634653566393364
36376561353238313631633532303563646163613138616262313362646134356236313935653466
65386434326133623465633463393536616163373333666630333065306432303065313736633338
65343338613561343730366132663238643238653861303439313632623533356531646462643639
31346561366333313062343864356138303566333637316565343132326134353665356639323334
61343336353062343363346639353035366263353364623333666530323463366330353361346166
37646661646165363938306332396432353730333239386132303038386439333238306337306436
33643235653965383733346261323734653137386261616531386337316434303132366138323834
34653266663363653666383761356364323632386336336435343063663437393566643363356537
30336137386634316564663330376264326338643965326530396666303564626634653663333361
35363439613365393161353539623632336337353736653661353361343963383463623164656637
62633561393665343932666531633637306361303534633431633034326363623434646161623239
64313132633337646534356466336465646635353435633235666661656532333664396139653761
63616539666664356263653763303733353634393738663663363365623033313764386163663062
61393466343064626461393266643633393338643762623630366436306236313364643835303261
6465623733623830363864393533376361623262393639666134
