$ANSIBLE_VAULT;1.1;AES256
65326535646534653061393066616434396363653133613433383432386630333731666435363036
6538633532373134326634613962316632396133303033380a636539313665376635393834656164
32656537396133653234393062363338343932653236363363336533663237623833666230393334
3839326430323633340a333465623938306538643839356261303530383666353933626365353435
38653265366665326430343265383238316166313766623732336232386661373862323431303335
33373766313338663766303239373831383364306535393938303564623663626535336364336565
38333934663630313838343330366363393266386266376362613433376634393332316166373964
61393766376261353732313062396338353835646138303630313734313766616337313334373731
64313963393032626234363163303237393663666364633338323734373832363634643161646537
62303534363264653535333831613661373235623064356435623937656463636534623437643339
34616661663164316462646238616330303933336162626366373461623839383263373734373064
37343537636139343839316464363733396366313939643237306366376464376538353263613461
61323461346339373064643830623033366434316662386139316163396433393032333665316236
31393132643636343837383935343362613330326236633665626438663730353832653262643965
32366535393066636432363036343433393332373263343063666366663264396263663665323233
31623566633163356137656566353034386138343132376131323862666334306431366666333431
30386563303331643431633231636532373939323230343431666230613466643061393034303637
37633330623162643438646463323534326638373130363739306266656666343261363032326332
31353964373935656332376336313331343835663666373539373865663534663364363530646535
34333764643863313830346533376564636136663832623430356332633861643131383066653762
39373535303161313536333334353436623836623236363236303531343961663266363732363339
63313866393062346536646634663235613263383737313531663136396533656539666539316335
36363135333435316161663630356330323634393265376530353761376433353865393634353737
35323138356335336161383961626637636665613562373861653633343834666236613738383836
63393332376332633837626337306336373663326431613238326432373336303832376135396430
30323930353838633462333165646133323436633232303134386466333639306633383931343233
37306638393439383061663838376234643930373438613233333335386530316133393539663237
34643033613665333566306364663161333161353364343763333662313235633036666336313032
39366537656533313138393633636433393264346232663863316238356539343437386435393436
33303138383134303437373634653863636433303539303239343266346139356434393339323530
61356137313434346432366164376537663461333864663039303062366563653561316636636436
65306330303062306661393763643633643035363363626261346338613536653938336631633166
34656238666263313363373638316165306565363332633135373832666332663266613236343738
30633363366137373263633564643739313631613638393338656137626335643034313464333835
33306234633637383365303833303632623330613339313864623836363933333139613237333361
30336333626634646631366538656565613535373635643461323836626135343631306336313866
30633662626337313635653237323633633164316662626462333665663363306238346130353138
35656166306135303232653636346631383738376563333763326664303039616437666437616663
62633535393436373461613237616132353933316132353130653962623332326439633532616336
38646662613862633232363432396661663565326634373931343136663461343561663930383338
33356362656530333962366136663038646533636162306664356534386234633735613030633261
63633635383733613061393636313961326637356138663165383631626465356662363730316163
64363136386431663339363164663661346132626133663565356661646439623631663862303839
65626630356431626363326635666133626436643231373565303762376332353936663036373333
30393865633530626461623664336234356434316132626235646263633063626662626137653261
64643966663631383134323336323935393666386534346465323864343961613764666162316130
30663930366634393836623864313030303535663730316630353532316662353536313165623463
61663030326135363761643334313733313062656162386538633132376334303962303636616264
62313362366266373164333163363837633065326233386434643264366430346565636232336232
37656362396234656535386464343432373839386433346565343761656235643934383562326535
38326231326564623166366538393032393830366365313465326335613933656564366464653564
34356631646332366333323031643266626536323638323830333234353261353564616234326161
36633130303232383434616631323630373034346635336262353864643464396531346165383234
63653738663566613365383332656531336631343030613434353161626632623635363236313032
30386534363634393633623463616333653233303639343131356136353135313836666537343666
65376432333733373337336638333030383537616164336431363866646439653231313863383735
32643332366139326530346362393930343736663331376361306534346635303838333333613534
39353832326638623630653731363433653664656532383334333561633161666565666236326132
39306636633165643431396630346463383665313435383438396333393164376337643833656436
61333663663730366630396466613439646539613736643265313939376134346237303935663136
34373865653664383439616135346436306562363662666266346539333639393137323338636336
33626538653135356231616437356530663437643535616532636362396630333565623135333033
66346661356632366436343966386637643739613664303830653033383730326163633266613262
33306266633661613263656136396636303531613132636231663632363930636432613963386232
66636138656561666130613162653363643063393961346666343130363863376336326334653264
33373066643130383733653038656631393134636330643166383238303266373030373033633635
31373030643832636238303836313063313337366130646538623133366433663533666263306539
30383232353733313532356137663062616263363166626330396161663766636530306162363936
35303764306532623030643835303961343537643033373363613033356664366465323563616337
66316266633363333638396361313666656439623236653061303561306633353838636635376437
61376662653461313962356232323562323865366630376334316234366430383133346461363333
33656264656565643938633931623634323032383733633033623539633636613932623133353939
34613764623138326233336162346335313836373239376662383539376364323837626131633238
61656330343737623336346665303333366433623065393231313630356166386239626565306331
38356565656463343335346137343638396239356431393863393538323837373932633763613031
34346262376361353237333839626634636331303739363134313762373232663838663164366461
39386438633633393866336161316432326164343439383437363062363137653530313231356264
35356131663739323262633366393438346637366462646262313938656531373237333735373534
37663532663630343661626236356135666366393733613932366337323665653737626266363635
35633935623664336637313861366639383264386262653739323662653136336539613535313532
36363730623931343533636232386637326363326664353765346366643139393863643633386165
62333439396435333536343933393764663236323134313662353466383635303631353366336136
39323133623466643236313832656266333533396162326338393161356537353433613431346664
34313238326334356333663638613136646661353364313961303866613066363138646338323866
61626537376633346262316132373038653030336139646233636566376430623535376635326632
64356330323739646438613633333534343261383264383661666161393139376231373461366661
38613634396130373261323832353232343865666533663034666639663565366435643837616232
66353334626134646335333464303032306230356531316464383265383665353235376332666163
62396662383930666637316537383865623862326661313937343030376465623264653536653235
61336562383038386363633562663233633036656264363462343562653635313237366437336230
62363462326630336532343264393465303666313734303531333837373764353462393336393732
62626634653034646639633038346165336533333261353935626539653537323932646438343135
32633061376231336435333834386234333963343132623236626630363834366539373936343231
63376266663463613931303463316230623735333331336461373439353236346235643530376538
66333838316534323835633930626164356463643533373466343332363832663536343161633731
66363030333466353538353666653462346562396430643031643662636430356635346533346634
32316339626338316264636461353637383962306634646462613738336233346436616535646333
63343564383837653632393535363961373034386230346638643336613536386238633334633131
32316666663162333337376166623366613565633161393136323035306134663961383137643330
61633639653062383264376161393635366666363962316237383535666534393830323566633062
33643732653463643834613666643430393861366232623830383063316264346232323364366335
39666363346332323532353063366133366263303166333536626638303530386632643365363663
38326331363763396338663864633731633338636233323262643366656363386238373663306462
33323962653464316236663731363932616565623862626662313363343136393331636638623738
38356239373330363537303639646230373762386565353662343561633034363530373730626631
30626634613839623034323336326532366635626564663561323865393837303862393565366662
35333436623838316430363036353535636563386539666234623534383037326565356337623262
61636466306333343462333862343964393263316335376236303736356463623936353837646365
30343539303733656563393232383837303538663133383137316234616361343939323230373066
62653639646634616137336334663033613665366139613838666561636530363830363364636262
65393535643239626562313930666465366539353863386461373564623838363937336133633864
32303638376333393739373637636535356433383430646133633137353134376136386365643163
30333866366133653536626561343533623132386336333562376238653133313737616334643561
39336462363135663134353237323562336261643534623963343830306262313639363137613865
38326237613230383236656462343639343461353564306363313362323530386339303835353030
32653930303239613966643664623262343237316461306464616237383232663439636333363331
66643434336664343039336631333837303564633262613566663963633565333035386264643231
32376538356665373237626334383862633033623866626666383064656566313435336664363037
65353865623436663730356534303738303563366166306334623237323364653331613564396235
37336431326261663165626639666563323835663763646337386535653266666139353736343466
37376431383238346334313161653239636537653464653833323731613463643937386137326632
62353037303864626638386337363833356439336237333230633439346130633536346430373062
66336238316264373163323463616664643462353239386133303932323062336365316339616633
62626166633639346639613963633239386436343538633730616663316366303365343634646638
64623537323936653839363065643463326666333033653566333562373137363266303466343561
39666664333134313430313461336136303334636437326133663033363732666632353666323864
64366137666134613532336563316139313130663335363461646337366637343564313561353764
38633337663230663963376166383762336464666637636535306535353264666561633335643239
33366537386437333432363166363534663237363938666434356266616238346432643332303165
61376363643233343861356263323961326533333065623666386138383034376261303762346636
36663335663432393530386362346265386435663233393663613635363266343635373966323732
31666632613639613461613364623530313963343234326331333764386461396233306562613063
39623239343663343538353933663038333039336232316465623035346462646236636636343235
37666264313062633964366466336465383037353962303136346535313638303030666462363564
32386538366161633837666234343965366533373339343638356230343334373437396261386538
33323234633733336264653864643164623839393961343936613637303734663739656665613336
37643265343432623333303330633239373030326233363131376464393531623164393338363664
30313161333638323966663231383630323630356562636636666266333264636639306331643066
32666564376532326539393338366532336661643137666235386533383966373835633834353962
61633066313965346461386632633832633663343139313537626239343132623239633231376336
64343235656638656530396536303633303138643732623534323738613039653339626134373162
31653537333933616361303963393839343265346230333332666565366136666431306333353463
66633430356439633033306438366534386532666235383866316639313239626334343662323337
34333462633931623062363539323165316536323265343232376439363862313930613636383862
64353936633734396130303739366234313535353064633663363832343835393037303861313066
33616666613839393839363666643265613961353135303330386663373863363966363266646137
64323537393635313138623263393061303738303338326333343732326666623564616532633562
66356532623739336536363336656438396432383436643139323334663463336138383333376461
61383537623363333164356162303037386564646238373634636162323230656364353737306436
62376133373463313835393432366630623330323838346564353239326461623838306364396330
64616335656130306164333938393061356563633034323439393735346236383439643062386436
37306364643830663863306130383337613632356433656338306530656264666239353362613031
31356663656263643763393932343737366430363235333463653264383066626633323430386638
62353861303063643864306465393130356465643337313030323064653437653535346531343837
64663437356564643535316132393235626261616562643966636431373337623132393831663838
30613564303663343432336534366231653963646366643437313863366335376362326239616237
34356366383437376136323464646434356662373730636264356664373634626563613133623038
38363262396439353935353466323062363435366139643835396164396664656564393839353863
30366539366337316636303961663039363034303965653230353962626335643339306438386433
63376438663565646230346130633838653863343337643063656535626439653237633034643663
32623032316535373237653761383133663736346565636638333835636636323031653763363237
33636561663033623165316338343366663862633834643133376334363436373936636666643961
39363637336161643762376233306430373538356537623265636161383735363065353865313134
38363435383735613233643430373864386165623336336264613766383464626638306432366235
65623838333331663835303634323964663965353332313863303139343962303465353566343862
66383235646438636365623839373334313164396230626365636631373164663137306661393137
39343666326530326534343063633466333961663230663730353935323266303435656237633238
30393137366263396332626133306266633132303330373965613338353562653635366264323334
34353234313538323932336438616230653764376666653161353138653535626230303033376366
37323962313832306537353338356235313164393766393931646432336461386134613036633231
33363364346138663934306532373038643639613163653239346638343964393930373534666135
39343131353765356130373331303366623665303530626164633634663537386561623064616230
31663562626634666663613932653261363562666135333837373763383035623030336262363562
38383736613161383735626533633862366163643961376130316466393635326638316634373134
61393334393037643132656236643434343730306132323664333833383666316464343435323432
30633462646131623133656635633466316331323030643436636337386661373338376335663062
65313232663564373263643665303762353636653061376631393430626633613262376133643534
62346365313437623438376138303461343837303639393831323935356336666666316337326337
39393538636664386334373363333837336233306233636637653864333864326634383435346338
37346438313830623132346665333264653136393739386664323065623935386466313431363337
38323836393962313637303433343834656631396461396165323432623437363964643031333539
62613036303363336466383532623762623933633630396239323461656138393931653233346531
30633830323961313934336638313438393933303532363635356661636234366233306633326263
38383135363438653736666666303863356363333264366565386634396238653561316233393836
30303463643334666130616631653966643932626531343466323661646333646439313538626566
31396636363537356436643334646331613661323162623231336332356437353935303033626530
37613735303839373131383865353366626136396439346539663166386161376137313266623935
66393439323364363731663365666265363163393134633430393631303639646638326533656230
34666631663238333832333464343938303030333436336531623265663764633237653763613430
36346637623437646337323832643466313831353832633231333130656633393962623864623431
66613139316630656662373536633163373933303731316262653133343335653531393536653030
66616331393737383735353862623839393664346366323762326538663037313630323837323731
30623334363863656564633966306265366234643633303966383537663862643234643030353438
36363866356636613365666631306432323138326438306265653363666433386661336637343835
39666234616434376533363536643339366338393937666637313632353931313463646239396665
62306639303963663533383633306534366433346230363633313835643563623362363834346362
30633763643262346235363935303661636232323132666436343331623535346330303532336139
38333265386135316534666436613161613062313132386662326162613135363364363065326438
32636161376532316531323462393366393239626236663539356435303931333030336662613730
65633239343936326538363966363664653265643837666133343635643563666566653835653239
36333336653162616564613365356261623361656334373737333138353533303632
